The 592 lcations, by wmo#
    1 69002    2 69007    3 69008    4 69012    5 69013    6 69014    7 69016
    8 69017    9 69019   10 70026   11 70063   12 70086   13 70133   14 70174
   15 70194   16 70200   17 70207   18 70219   19 70231   20 70232   21 70251
   22 70259   23 70260   24 70261   25 70264   26 70266   27 70267   28 70270
   29 70271   30 70273   31 70275   32 70291   33 70296   34 70308   35 70316
   36 70321   37 70326   38 70333   39 70340   40 70341   41 70343   42 70350
   43 70361   44 70371   45 70381   46 70387   47 70395   48 70398   49 70414
   50 70454   51 70489   52 71043   53 71045   54 71051   55 71062   56 71066
   57 71068   58 71069   59 71072   60 71073   61 71076   62 71077   63 71078
   64 71079   65 71090   66 71101   67 71102   68 71103   69 71104   70 71107
   71 71108   72 71109   73 71114   74 71120   75 71121   76 71122   77 71123
   78 71125   79 71129   80 71135   81 71138   82 71140   83 71143   84 71145
   85 71182   86 71187   87 71188   88 71193   89 71196   90 71395   91 71398
   92 71399   93 71527   94 71538   95 71600   96 71601   97 71603   98 71604
   99 71609  100 71610  101 71620  102 71621  103 71623  104 71624  105 71625
  106 71626  107 71627  108 71628  109 71630  110 71631  111 71633  112 71700
  113 71701  114 71702  115 71705  116 71706  117 71707  118 71709  119 71711
  120 71714  121 71716  122 71717  123 71718  124 71720  125 71722  126 71725
  127 71727  128 71730  129 71731  130 71733  131 71735  132 71739  133 71749
  134 71799  135 71801  136 71803  137 71805  138 71808  139 71809  140 71811
  141 71813  142 71815  143 71816  144 71819  145 71821  146 71822  147 71825
  148 71826  149 71828  150 71831  151 71834  152 71836  153 71841  154 71842
  155 71846  156 71848  157 71850  158 71851  159 71852  160 71854  161 71855
  162 71856  163 71858  164 71861  165 71862  166 71863  167 71864  168 71865
  169 71866  170 71867  171 71868  172 71869  173 71870  174 71871  175 71872
  176 71873  177 71874  178 71876  179 71877  180 71878  181 71879  182 71880
  183 71881  184 71882  185 71884  186 71887  187 71888  188 71889  189 71890
  190 71891  191 71892  192 71893  193 71896  194 71898  195 71899  196 71900
  197 71905  198 71906  199 71907  200 71909  201 71912  202 71913  203 71915
  204 71916  205 71917  206 71920  207 71922  208 71923  209 71924  210 71925
  211 71926  212 71928  213 71930  214 71931  215 71932  216 71933  217 71934
  218 71935  219 71936  220 71938  221 71940  222 71943  223 71944  224 71945
  225 71946  226 71950  227 71951  228 71952  229 71953  230 71957  231 71958
  232 71964  233 71965  234 71966  235 71967  236 72201  237 72202  238 72203
  239 72204  240 72205  241 72206  242 72207  243 72208  244 72210  245 72211
  246 72212  247 72213  248 72214  249 72215  250 72217  251 72218  252 72219
  253 72220  254 72221  255 72222  256 72223  257 72225  258 72226  259 72228
  260 72229  261 72230  262 72231  263 72232  264 72233  265 72234  266 72235
  267 72239  268 72240  269 72242  270 72243  271 72247  272 72248  273 72249
  274 72250  275 72251  276 72252  277 72253  278 72254  279 72255  280 72256
  281 72257  282 72258  283 72259  284 72260  285 72261  286 72262  287 72263
  288 72264  289 72265  290 72266  291 72267  292 72268  293 72270  294 72271
  295 72273  296 72274  297 72278  298 72280  299 72281  300 72286  301 72288
  302 72290  303 72291  304 72293  305 72295  306 72297  307 72303  308 72304
  309 72305  310 72306  311 72308  312 72309  313 72310  314 72311  315 72312
  316 72314  317 72315  318 72317  319 72318  320 72319  321 72320  322 72323
  323 72324  324 72326  325 72327  326 72329  327 72330  328 72334  329 72340
  330 72341  331 72344  332 72348  333 72349  334 72351  335 72352  336 72353
  337 72354  338 72355  339 72356  340 72357  341 72360  342 72363  343 72364
  344 72365  345 72370  346 72371  347 72374  348 72376  349 72381  350 72383
  351 72384  352 72386  353 72387  354 72389  355 72391  356 72393  357 72394
  358 72401  359 72402  360 72403  361 72404  362 72405  363 72406  364 72407
  365 72408  366 72410  367 72411  368 72412  369 72414  370 72421  371 72422
  372 72423  373 72424  374 72425  375 72426  376 72427  377 72428  378 72429
  379 72432  380 72433  381 72434  382 72435  383 72437  384 72438  385 72439
  386 72440  387 72445  388 72446  389 72450  390 72451  391 72452  392 72455
  393 72456  394 72458  395 72460  396 72462  397 72464  398 72465  399 72466
  400 72468  401 72469  402 72470  403 72472  404 72476  405 72481  406 72483
  407 72485  408 72486  409 72488  410 72489  411 72491  412 72492  413 72493
  414 72494  415 72501  416 72502  417 72503  418 72504  419 72506  420 72507
  421 72508  422 72509  423 72511  424 72512  425 72513  426 72514  427 72515
  428 72517  429 72518  430 72519  431 72520  432 72521  433 72523  434 72524
  435 72525  436 72526  437 72528  438 72529  439 72530  440 72532  441 72533
  442 72534  443 72535  444 72536  445 72537  446 72539  447 72540  448 72543
  449 72544  450 72545  451 72546  452 72547  453 72548  454 72549  455 72550
  456 72551  457 72552  458 72553  459 72554  460 72556  461 72557  462 72558
  463 72561  464 72562  465 72563  466 72564  467 72566  468 72567  469 72569
  470 72572  471 72574  472 72576  473 72578  474 72581  475 72582  476 72583
  477 72591  478 72594  479 72597  480 72604  481 72605  482 72606  483 72608
  484 72613  485 72617  486 72618  487 72632  488 72634  489 72635  490 72636
  491 72637  492 72638  493 72639  494 72640  495 72641  496 72643  497 72644
  498 72645  499 72646  500 72648  501 72649  502 72650  503 72651  504 72652
  505 72653  506 72654  507 72655  508 72658  509 72659  510 72661  511 72662
  512 72665  513 72666  514 72670  515 72671  516 72672  517 72677  518 72681
  519 72683  520 72688  521 72693  522 72694  523 72698  524 72712  525 72734
  526 72741  527 72743  528 72744  529 72745  530 72747  531 72753  532 72755
  533 72757  534 72758  535 72764  536 72767  537 72768  538 72772  539 72773
  540 72775  541 72776  542 72777  543 72779  544 72781  545 72783  546 72784
  547 72785  548 72786  549 72788  550 72789  551 72791  552 72792  553 72793
  554 72797  555 74002  556 74004  557 74206  558 74207  559 74370  560 74389
  561 74392  562 74455  563 74460  564 74486  565 74492  566 74494  567 74506
  568 74509  569 74516  570 74520  571 74531  572 74560  573 74570  574 74594
  575 74598  576 74611  577 74612  578 74619  579 74671  580 74693  581 74702
  582 74724  583 74732  584 74740  585 74754  586 74755  587 74775  588 74777
  589 74788  590 74790  591 74791  592 74794
