  1 524 486 484 485   0.35 0.15 0.20 0.30
  2 483 486 482 481   0.30 0.20 0.20 0.30
  3 429 427 559 430   0.20 0.25 0.25 0.30
  4 429 421 566 564   0.20 0.30 0.25 0.25
  5 436 433 438 437   0.25 0.30 0.20 0.25
  6 377 573 434 376   0.35 0.20 0.30 0.15
  7 423 364 359 574   0.35 0.20 0.20 0.25
  8 424 431 425 426   0.35 0.25 0.20 0.20
  9 368 369 376 001   0.40 0.40 0.20 -0.00
 10 575 358 366 310   0.25 0.25 0.35 0.15
 11 324 317 367 001   0.30 0.30 0.40 -0.00
 12 312 580 591 243   0.25 0.20 0.30 0.25
 13 316 320 315 313   0.30 0.25 0.20 0.25
 14 500 498 526 525   0.30 0.20 0.25 0.25
 15 530 532 531 529   0.20 0.40 0.15 0.25
 16 531 534 535 001   0.30 0.45 0.25 -0.00
 17 535 536 165 001   0.45 0.45 0.10 -0.00
 18 510 537 536 001   0.25 0.45 0.30 -0.00
 19 541 542 543 537   0.25 0.50 0.10 0.15
 20 517 541 538 513   0.20 0.20 0.55 0.05
 21 538 539 543 001   0.20 0.45 0.35 -0.00
 22 490 491 492 493   0.30 0.10 0.45 0.15
 23 446 487 444 441   0.20 0.30 0.20 0.30
 24 384 380 385 440   0.30 0.30 0.25 0.15
 25 495 448 563 452   0.20 0.45 0.20 0.15
 26 526 499 496 508   0.25 0.35 0.25 0.15
 27 507 508 497 001   0.35 0.50 0.15 -0.00
 28 506 509 503 502   0.40 0.40 0.10 0.10
 29 505 468 535 001   0.45 0.40 0.15 -0.00
 30 510 511 465 001   0.30 0.50 0.20 -0.00
 31 512 513 469 001   0.50 0.25 0.25 -0.00
 32 514 516 001 001   0.75 0.25 -0.00 -0.00
 33 453 454 451 562   0.20 0.20 0.30 0.30
 34 503 502 504 461   0.20 0.20 0.20 0.40
 35 464 468 001 001   0.60 0.40 -0.00 -0.00
 36 457 456 462 001   0.45 0.25 0.30 -0.00
 37 467 463 466 465   0.40 0.20 0.20 0.20
 38 371 326 374 375   0.30 0.30 0.25 0.15
 39 383 579 372 379   0.25 0.25 0.25 0.25
 40 381 327 332 001   0.40 0.30 0.30 -0.00
 41 387 450 385 001   0.45 0.25 0.30 -0.00
 42 447 387 388 001   0.30 0.40 0.30 -0.00
 43 392 393 339 337   0.35 0.20 0.30 0.15
 44 394 391 389 001   0.35 0.40 0.25 -0.00
 45 398 390 395 001   0.35 0.35 0.30 -0.00
 46 401 571 398 001   0.40 0.30 0.30 -0.00
 47 397 399 395 001   0.40 0.40 0.20 -0.00
 48 404 403 471 401   0.55 0.25 0.10 0.10
 49 471 515 472 001   0.40 0.35 0.25 -0.00
 50 325 322 001 001   0.80 0.20 -0.00 -0.00
 51 328 001 001 001   1.00 -0.00 -0.00 -0.00
 52 331 330 333 329   0.20 0.15 0.50 0.15
 53 338 340 337 001   0.30 0.50 0.20 -0.00
 54   5 290 291 334   0.35 0.25 0.20 0.20
 55 342 291 289 001   0.45 0.40 0.15 -0.00
 56 314 250 321 001   0.40 0.40 0.20 -0.00
 57 258 259 001 001   0.50 0.50 -0.00 -0.00
 58 265 266 001 001   0.35 0.65 -0.00 -0.00
 59 329 272 266 001   0.45 0.40 0.15 -0.00
 60 282 271 280 270   0.30 0.40 0.20 0.10
 61 283 284 280 290   0.30 0.30 0.20 0.20
 62 277 278 279 275   0.35 0.35 0.10 0.20
 63 274 275 276 001   0.35 0.30 0.35 -0.00
 64 287 584 285 001   0.35 0.35 0.30 -0.00
 65 288 286 343 001   0.60 0.30 0.10 -0.00
 66 247 241 246 001   0.30 0.30 0.40 -0.00
 67 240 239 245 001   0.30 0.25 0.45 -0.00
 68 237 238 001 001   0.60 0.40 -0.00 -0.00
 69 254 253 255 256   0.25 0.30 0.25 0.20
 70 263 264 586 001   0.25 0.35 0.40 -0.00
 71 268 270 272 279   0.35 0.35 0.15 0.15
 72 548 550 001 001   0.55 0.45 -0.00 -0.00
 73 545 519 001 001   0.65 0.35 -0.00 -0.00
 74 550 544 520 546   0.10 0.20 0.20 0.50
 75  71 558 523 001   0.25 0.40 0.35 -0.00
 76 554 551 558 001   0.45 0.35 0.20 -0.00
 77 473 001 001 001   1.00 -0.00 -0.00 -0.00
 78 539 518 545 001   0.45 0.45 0.10 -0.00
 79 518 001 001 001   1.00 -0.00 -0.00 -0.00
 80 519 479 001 001   0.85 0.15 -0.00 -0.00
 81 479 523 001 001   0.55 0.45 -0.00 -0.00
 82 551 521 479 001   0.50 0.35 0.15 -0.00
 83 470 402 001 001   0.55 0.45 -0.00 -0.00
 84 402 403 346 001   0.40 0.40 0.20 -0.00
 85 474 570 470 408   0.35 0.45 0.10 0.10
 86 408 475 474 001   0.10 0.75 0.15 -0.00
 87 410 476 001 001   0.50 0.50 -0.00 -0.00
 88 477 406 410 001   0.50 0.35 0.15 -0.00
 89 477 478 569 479   0.10 0.65 0.15 0.10
 90 407 408 353 001   0.65 0.15 0.20 -0.00
 91 405 351 412 001   0.35 0.40 0.25 -0.00
 92   3   1 411 568   0.25 0.25 0.25 0.25
 93 304 306 355 357   0.25 0.25 0.25 0.25
 94 299 576 577 578   0.30 0.35 0.15 0.20
 95 353 352 345 001   0.30 0.55 0.15 -0.00
 96 297 582 556 345   0.40 0.20 0.25 0.15
 97 346 347 348 001   0.35 0.40 0.25 -0.00
 98 295 296 582 001   0.20 0.55 0.25 -0.00
 99 344 396 403 001   0.45 0.50 0.05 -0.00
100 292 286 341 001   0.60 0.15 0.25 -0.00
100 294 344 001 001   0.40 0.60 -0.00 -0.00
102 294 343 583 001   0.40 0.35 0.25 -0.00
