0101
0102
0103
0104
0105
0106
0107
0108
0109
0110
0111
0112
0113
0114
0115
0116
0117
0118
0119
0201
0202
0203
0204
0205
0206
0207
0208
0209
0210
0211
0212
0213
0214
0215
0216
0217
0218
0219
0301
0302
0303
0304
0305
0306
0307
0308
0309
0310
0311
0312
0313
0314
0315
0316
0317
0318
0319
0401
0402
0403
0404
0405
0406
0407
0408
0409
0410
0416
0417
0418
0419
0501
0502
0503
0504
0505
0506
0507
0508
0516
0517
0518
0519
0601
0602
0603
0604
0605
0606
0607
0616
0617
0618
0619
0701
0702
0703
0704
0705
0706
0707
0716
0717
0718
0719
0801
0802
0803
0804
0805
0806
0807
0816
0817
0818
0819
0901
0902
0903
0904
0905
0906
0916
0917
0918
0919
1001
1002
1003
1004
1005
1006
1016
1017
1018
1019
1101
1102
1103
1104
1105
1106
1116
1117
1118
1119
1201
1202
1203
1204
1205
1206
1216
1217
1218
1219
1301
1302
1303
1304
1305
1306
1316
1317
1318
1319
1401
1402
1403
1404
1405
1416
1417
1418
1419
1501
1502
1503
1504
1505
1516
1517
1518
1519
1601
1602
1603
1604
1616
1617
1618
1619
1701
1702
1703
1716
1717
1718
1719
1801
1802
1803
1804
1816
1817
1818
1819
1901
1902
1903
1904
1905
1916
1917
1918
1919
2001
2002
2003
2004
2005
2016
2017
2018
2019
2101
2102
2103
2104
2105
2116
2117
2118
2119
2201
2202
2203
2204
2205
2216
2217
2218
2219
2301
2302
2303
2304
2305
2316
2317
2318
2319
2401
2402
2403
2404
2405
2415
2416
2417
2418
2419
2501
2502
2503
2514
2515
2516
2517
2518
2519
2601
2602
2603
2606
2607
2613
2614
2615
2616
2617
2618
2619
2701
2702
2703
2704
2705
2706
2707
2714
2715
2716
2717
2718
2719
2801
2802
2803
2804
2805
2806
2807
2808
2814
2815
2816
2817
2818
2819
2901
2902
2903
2904
2905
2906
2907
2908
2909
2910
2914
2915
2916
2917
2918
2919
3001
3002
3003
3004
3005
3006
3007
3008
3009
3010
3011
3014
3015
3016
3017
3018
3019
3101
3102
3103
3104
3105
3106
3107
3108
3109
3110
3111
3115
3116
3117
3118
3119
3201
3202
3203
3204
3205
3206
3207
3208
3209
3210
3211
3212
3215
3216
3217
3218
3219
3301
3302
3303
3304
3305
3306
3307
3308
3309
3310
3311
3312
3313
3314
3315
3316
3317
3318
3319
3401
3402
3403
3404
3405
3406
3407
3408
3409
3410
3411
3412
3413
3414
3415
3416
3417
3418
3419
3501
3502
3503
3504
3505
3506
3507
3508
3509
3510
3511
3512
3513
3514
3515
3516
3517
3518
3519
3601
3602
3603
3604
3605
3606
3607
3608
3609
3610
3611
3612
3613
3614
3615
3616
3617
3618
3619
